0, 0
0.04204451772464962, 0.0002730163488613435
0.0832646331409728, 0.003787432682733405
0.1253091508656224, 0.013800708771854575
0.16735366859027206, 0.0432945043414954
0.20857378400659515, 0.10525047911692598
0.2506183017312448, 0.1899390798813716
0.291838417147568, 0.2648820676438153
0.3330585325638912, 0.31709778267898625
0.37510305028854074, 0.35957859123563984
0.4171475680131904, 0.39881264654554016
0.4583676834295136, 0.43479459534694487
0.5004122011541632, 0.4740286506568452
0.5416323165704864, 0.513257352705003
0.5836768342951361, 0.5492446547681501
0.6257213520197856, 0.5884787100780504
0.6669414674361087, 0.6277074121262084
0.7089859851607584, 0.6636947141893554
0.7502061005770815, 0.6996766629907601
0.7922506183017312, 0.7291704585604007
0.8342951360263807, 0.7521707476365348
0.8755152514427039, 0.7589319172171602
0.9167353668590271, 0.7234852945899936
0.9587798845836767, 0.6036284408089847
1.0008244023083264, 0.006498859755248887
