0, 0
0.04204451772464962, 0.0002730163488613435
0.08244023083264634, 0.0005353261742380155
0.1253091508656224, 0.013800708771854575
0.1665292662819456, 0.03030213809273974
0.20857378400659515, 0.08252320638965305
0.24979389942291835, 0.14123242791833057
0.291838417147568, 0.19994700270875043
0.3338829348722176, 0.23918105801865064
0.37510305028854074, 0.268669500326549
0.4171475680131904, 0.29491654264943623
0.4583676834295136, 0.3211582317105812
0.5004122011541632, 0.3506520272802217
0.5424567188788129, 0.37689906960310915
0.5836768342951361, 0.40314075866425403
0.624896949711459, 0.42613569447864563
0.6669414674361087, 0.4523827368015332
0.7089859851607584, 0.47213627263091396
0.7502061005770815, 0.4886377019517991
0.7922506183017312, 0.4986509780409203
0.8342951360263807, 0.49892399438978163
0.8755152514427039, 0.48295789124313426
0.9167353668590271, 0.441017762122461
0.9587798845836767, 0.35038168756223154
1.0008244023083264, 0.006498859755248887
