0, 0.0032467532467530535
0.04122011541632317, 0.00026766308711900777
0.0832646331409728, 0.0005406794359803513
0.1253091508656224, 0.007307202278348024
0.1665292662819456, 0.01731512510572686
0.20857378400659515, 0.04680892067536746
0.24979389942291835, 0.08279086947677206
0.291838417147568, 0.11553141829316593
0.3338829348722176, 0.13853170736929998
0.37510305028854074, 0.15827988993693842
0.4171475680131904, 0.17478667251956603
0.4583676834295136, 0.1912881018404513
0.5004122011541632, 0.20454813117632564
0.5424567188788129, 0.22105491375895325
0.5836768342951361, 0.23430958983308525
0.624896949711459, 0.24756426590721714
0.6669414674361087, 0.2608242952430916
0.7089859851607584, 0.27083757133221276
0.7502061005770815, 0.2775987409128381
0.7922506183017312, 0.2811185105084527
0.8342951360263807, 0.2781447736105609
0.8755152514427039, 0.2654254237106667
0.9167353668590271, 0.23971906082375982
0.9587798845836767, 0.1880440252245692
1.0008244023083264, 0.006498859755248887
