0, 0.0032467532467530535
0.04204451772464962, 0.0002730163488613435
0.0832646331409728, 0.003787432682733405
0.1253091508656224, 0.013800708771854575
0.16735366859027206, 0.036800997847988626
0.20857378400659515, 0.09226346612991287
0.2506183017312448, 0.1672118071540989
0.291838417147568, 0.23241453517628285
0.3338829348722176, 0.2781420969796896
0.3759274525968672, 0.3108826457960835
0.4171475680131904, 0.3468645945974882
0.45919208573784, 0.3763583901671288
0.5004122011541632, 0.4090935857217801
0.5424567188788129, 0.441834134538174
0.5836768342951361, 0.47456933009282554
0.6257213520197856, 0.5073098789092193
0.6677658697444352, 0.5368036744788599
0.7089859851607584, 0.5630453635400049
0.7502061005770815, 0.5892870526011497
0.7922506183017312, 0.6057938351837774
0.8342951360263807, 0.6125603580261453
0.8755152514427039, 0.6030877613730043
0.9167353668590271, 0.557900879005578
0.9587798845836767, 0.4510310382115822
1.0008244023083264, 0.006498859755248887
