0, 0
0.04166666666666666, -0.00038333333333331887
0.0842013888888889, 0.0016336805555555722
0.125, 0.006050000000000014
0.16666666666666663, 0.017666666666666678
0.20833333333333331, 0.035683333333333345
0.25, 0.05450000000000001
0.29166666666666663, 0.06571666666666667
0.3333333333333333, 0.06973333333333334
0.37499999999999994, 0.07015
0.4166666666666667, 0.07016666666666668
0.4583333333333333, 0.07018333333333335
0.5, 0.0706
0.5416666666666665, 0.07021666666666668
0.5824652777777777, 0.07023298611111112
0.625, 0.06985
0.6666666666666667, 0.07026666666666667
0.7083333333333333, 0.06988333333333334
0.75, 0.0695
0.7916666666666665, 0.06911666666666667
0.8333333333333335, 0.06793333333333335
0.875, 0.06515000000000001
0.9166666666666667, 0.05916666666666667
0.9583333333333335, 0.047183333333333355
1, 1.3877787807814457e-17
