0, 0
0.04166666666666666, 0.00001666666666667871
0.08333333333333331, 0.0016333333333333477
0.125, 0.008450000000000013
0.16666666666666663, 0.02406666666666668
0.20833333333333331, 0.048883333333333334
0.25, 0.07410000000000001
0.29166666666666663, 0.08971666666666668
0.3333333333333333, 0.09493333333333334
0.37499999999999994, 0.09575
0.4166666666666667, 0.09536666666666667
0.4583333333333333, 0.09538333333333335
0.5, 0.09540000000000001
0.5416666666666665, 0.09461666666666667
0.5833333333333333, 0.09463333333333335
0.625, 0.09425
0.6666666666666667, 0.09306666666666667
0.7083333333333333, 0.09188333333333334
0.75, 0.08990000000000001
0.7916666666666665, 0.08711666666666668
0.8333333333333335, 0.08313333333333335
0.875, 0.07635000000000002
0.9166666666666667, 0.06676666666666667
0.9583333333333335, 0.05038333333333335
1, 1.3877787807814457e-17
