0, 0
0.04166666666666666, 0.00001666666666667871
0.08333333333333331, 0.0012333333333333363
0.125, 0.006450000000000011
0.16666666666666663, 0.019266666666666668
0.20833333333333331, 0.03888333333333334
0.25, 0.058899999999999994
0.29166666666666663, 0.07091666666666668
0.3333333333333333, 0.07533333333333334
0.37499999999999994, 0.07575000000000001
0.4166666666666667, 0.07576666666666668
0.4583333333333333, 0.07538333333333333
0.5, 0.0754
0.5416666666666665, 0.07501666666666668
0.5833333333333333, 0.07423333333333335
0.625, 0.07345000000000002
0.6666666666666667, 0.07266666666666667
0.7074652777777777, 0.07068298611111112
0.75, 0.06910000000000001
0.7916666666666665, 0.06591666666666668
0.8333333333333335, 0.06193333333333334
0.875, 0.05675000000000001
0.9166666666666667, 0.04876666666666668
0.9583333333333335, 0.03638333333333334
1, 1.3877787807814457e-17
