0, 0
0.04166666666666666, 0.00001666666666667871
0.08333333333333331, 0.0016333333333333477
0.125, 0.0072500000000000064
0.16666666666666663, 0.022466666666666676
0.20833333333333331, 0.04568333333333334
0.25, 0.06930000000000001
0.29166666666666663, 0.08371666666666668
0.3333333333333333, 0.08853333333333334
0.37499999999999994, 0.08935000000000001
0.4166666666666667, 0.08936666666666668
0.4583333333333333, 0.08938333333333334
0.5, 0.08940000000000001
0.5416666666666665, 0.08901666666666667
0.5833333333333333, 0.08903333333333334
0.625, 0.08905
0.6666666666666667, 0.08826666666666666
0.7083333333333333, 0.08748333333333334
0.75, 0.08630000000000002
0.7916666666666665, 0.08471666666666668
0.8333333333333335, 0.08153333333333335
0.8741319444444444, 0.07634965277777779
0.9166666666666667, 0.06716666666666668
0.9583333333333335, 0.05198333333333334
1, 1.3877787807814457e-17
